19980102 0
19980105 1
19980106 2
19980107 3
19980108 4
19980109 5
19980112 6
19980113 7
19980114 8
19980115 9
19980116 10
19980120 11
19980121 12
19980122 13
19980123 14
19980126 15
19980127 16
19980128 17
19980129 18
19980130 19
19980202 20
19980203 21
19980204 22
19980205 23
19980206 24
19980209 25
19980210 26
19980211 27
19980212 28
19980213 29
19980217 30
19980218 31
19980219 32
19980220 33
19980223 34
19980224 35
19980225 36
19980226 37
19980227 38
19980302 39
19980303 40
19980304 41
19980305 42
19980306 43
19980309 44
19980310 45
19980311 46
19980312 47
19980313 48
19980316 49
19980317 50
19980318 51
19980319 52
19980320 53
19980323 54
19980324 55
19980325 56
19980326 57
19980327 58
19980330 59
19980331 60
19980401 61
19980402 62
19980403 63
19980406 64
19980407 65
19980408 66
19980409 67
19980413 68
19980414 69
19980415 70
19980416 71
19980417 72
19980420 73
19980421 74
19980422 75
19980423 76
19980424 77
19980427 78
19980428 79
19980429 80
19980430 81
19980501 82
19980504 83
19980505 84
19980506 85
19980507 86
19980508 87
19980511 88
19980512 89
19980513 90
19980514 91
19980515 92
19980518 93
19980519 94
19980520 95
19980521 96
19980522 97
19980526 98
19980527 99
19980528 100
19980529 101
19980601 102
19980602 103
19980603 104
19980604 105
19980605 106
19980608 107
19980609 108
19980610 109
19980611 110
19980612 111
19980615 112
19980616 113
19980617 114
19980618 115
19980619 116
19980622 117
19980623 118
19980624 119
19980625 120
19980626 121
19980629 122
19980630 123
19980701 124
19980702 125
19980706 126
19980707 127
19980708 128
19980709 129
19980710 130
19980713 131
19980714 132
19980715 133
19980716 134
19980717 135
19980720 136
19980721 137
19980722 138
19980723 139
19980724 140
19980727 141
19980728 142
19980729 143
19980730 144
19980731 145
19980803 146
19980804 147
19980805 148
19980806 149
19980807 150
19980810 151
19980811 152
19980812 153
19980813 154
19980814 155
19980817 156
19980818 157
19980819 158
19980820 159
19980821 160
19980824 161
19980825 162
19980826 163
19980827 164
19980828 165
19980831 166
19980901 167
19980902 168
19980903 169
19980904 170
19980908 171
19980909 172
19980910 173
19980911 174
19980914 175
19980915 176
19980916 177
19980917 178
19980918 179
19980921 180
19980922 181
19980923 182
19980924 183
19980925 184
19980928 185
19980929 186
19980930 187
19981001 188
19981002 189
19981005 190
19981006 191
19981007 192
19981008 193
19981009 194
19981012 195
19981013 196
19981014 197
19981015 198
19981016 199
19981019 200
19981020 201
19981021 202
19981022 203
19981023 204
19981026 205
19981027 206
19981028 207
19981029 208
19981030 209
19981102 210
19981103 211
19981104 212
19981105 213
19981106 214
19981109 215
19981110 216
19981111 217
19981112 218
19981113 219
19981116 220
19981117 221
19981118 222
19981119 223
19981120 224
19981123 225
19981124 226
19981125 227
19981127 228
19981130 229
19981201 230
19981202 231
19981203 232
19981204 233
19981207 234
19981208 235
19981209 236
19981210 237
19981211 238
19981214 239
19981215 240
19981216 241
19981217 242
19981218 243
19981221 244
19981222 245
19981223 246
19981224 247
19981228 248
19981229 249
19981230 250
19981231 251
19990104 252
19990105 253
19990106 254
19990107 255
19990108 256
19990111 257
19990112 258
19990113 259
19990114 260
19990115 261
19990119 262
19990120 263
19990121 264
19990122 265
19990125 266
19990126 267
19990127 268
19990128 269
19990129 270
19990201 271
19990202 272
19990203 273
19990204 274
19990205 275
19990208 276
19990209 277
19990210 278
19990211 279
19990212 280
19990216 281
19990217 282
19990218 283
19990219 284
19990222 285
19990223 286
19990224 287
19990225 288
19990226 289
19990301 290
19990302 291
19990303 292
19990304 293
19990305 294
19990308 295
19990309 296
19990310 297
19990311 298
19990312 299
19990315 300
19990316 301
19990317 302
19990318 303
19990319 304
19990322 305
19990323 306
19990324 307
19990325 308
19990326 309
19990329 310
19990330 311
19990331 312
19990401 313
19990405 314
19990406 315
19990407 316
19990408 317
19990409 318
19990412 319
19990413 320
19990414 321
19990415 322
19990416 323
19990419 324
19990420 325
19990421 326
19990422 327
19990423 328
19990426 329
19990427 330
19990428 331
19990429 332
19990430 333
19990503 334
19990504 335
19990505 336
19990506 337
19990507 338
19990510 339
19990511 340
19990512 341
19990513 342
19990514 343
19990517 344
19990518 345
19990519 346
19990520 347
19990521 348
19990524 349
19990525 350
19990526 351
19990527 352
19990528 353
19990601 354
19990602 355
19990603 356
19990604 357
19990607 358
19990608 359
19990609 360
19990610 361
19990611 362
19990614 363
19990615 364
19990616 365
19990617 366
19990618 367
19990621 368
19990622 369
19990623 370
19990624 371
19990625 372
19990628 373
19990629 374
19990630 375
19990701 376
19990702 377
19990706 378
19990707 379
19990708 380
19990709 381
19990712 382
19990713 383
19990714 384
19990715 385
19990716 386
19990719 387
19990720 388
19990721 389
19990722 390
19990723 391
19990726 392
19990727 393
19990728 394
19990729 395
19990730 396
19990802 397
19990803 398
19990804 399
19990805 400
19990806 401
19990809 402
19990810 403
19990811 404
19990812 405
19990813 406
19990816 407
19990817 408
19990818 409
19990819 410
19990820 411
19990823 412
19990824 413
19990825 414
19990826 415
19990827 416
19990830 417
19990831 418
19990901 419
19990902 420
19990903 421
19990907 422
19990908 423
19990909 424
19990910 425
19990913 426
19990914 427
19990915 428
19990916 429
19990917 430
19990920 431
19990921 432
19990922 433
19990923 434
19990924 435
19990927 436
19990928 437
19990929 438
19990930 439
19991001 440
19991004 441
19991005 442
19991006 443
19991007 444
19991008 445
19991011 446
19991012 447
19991013 448
19991014 449
19991015 450
19991018 451
19991019 452
19991020 453
19991021 454
19991022 455
19991025 456
19991026 457
19991027 458
19991028 459
19991029 460
19991101 461
19991102 462
19991103 463
19991104 464
19991105 465
19991108 466
19991109 467
19991110 468
19991111 469
19991112 470
19991115 471
19991116 472
19991117 473
19991118 474
19991119 475
19991122 476
19991123 477
19991124 478
19991126 479
19991129 480
19991130 481
19991201 482
19991202 483
19991203 484
19991206 485
19991207 486
19991208 487
19991209 488
19991210 489
19991213 490
19991214 491
19991215 492
19991216 493
19991217 494
19991220 495
19991221 496
19991222 497
19991223 498
19991227 499
19991228 500
19991229 501
19991230 502
19991231 503
20000103 504
20000104 505
20000105 506
20000106 507
20000107 508
20000110 509
20000111 510
20000112 511
20000113 512
20000114 513
20000118 514
20000119 515
20000120 516
20000121 517
20000124 518
20000125 519
20000126 520
20000127 521
20000128 522
20000131 523
20000201 524
20000202 525
20000203 526
20000204 527
20000207 528
20000208 529
20000209 530
20000210 531
20000211 532
20000214 533
20000215 534
20000216 535
20000217 536
20000218 537
20000222 538
20000223 539
20000224 540
20000225 541
20000228 542
20000229 543
20000301 544
20000302 545
20000303 546
20000306 547
20000307 548
20000308 549
20000309 550
20000310 551
20000313 552
20000314 553
20000315 554
20000316 555
20000317 556
20000320 557
20000321 558
20000322 559
20000323 560
20000324 561
20000327 562
20000328 563
20000329 564
20000330 565
20000331 566
20000403 567
20000404 568
20000405 569
20000406 570
20000407 571
20000410 572
20000411 573
20000412 574
20000413 575
20000414 576
20000417 577
20000418 578
20000419 579
20000420 580
20000424 581
20000425 582
20000426 583
20000427 584
20000428 585
20000501 586
20000502 587
20000503 588
20000504 589
20000505 590
20000508 591
20000509 592
20000510 593
20000511 594
20000512 595
20000515 596
20000516 597
20000517 598
20000518 599
20000519 600
20000522 601
20000523 602
20000524 603
20000525 604
20000526 605
20000530 606
20000531 607
20000601 608
20000602 609
20000605 610
20000606 611
20000607 612
20000608 613
20000609 614
20000612 615
20000613 616
20000614 617
20000615 618
20000616 619
20000619 620
20000620 621
20000621 622
20000622 623
20000623 624
20000626 625
20000627 626
20000628 627
20000629 628
20000630 629
20000703 630
20000705 631
20000706 632
20000707 633
20000710 634
20000711 635
20000712 636
20000713 637
20000714 638
20000717 639
20000718 640
20000719 641
20000720 642
20000721 643
20000724 644
20000725 645
20000726 646
20000727 647
20000728 648
20000731 649
20000801 650
20000802 651
20000803 652
20000804 653
20000807 654
20000808 655
20000809 656
20000810 657
20000811 658
20000814 659
20000815 660
20000816 661
20000817 662
20000818 663
20000821 664
20000822 665
20000823 666
20000824 667
20000825 668
20000828 669
20000829 670
20000830 671
20000831 672
20000901 673
20000905 674
20000906 675
20000907 676
20000908 677
20000911 678
20000912 679
20000913 680
20000914 681
20000915 682
20000918 683
20000919 684
20000920 685
20000921 686
20000922 687
20000925 688
20000926 689
20000927 690
20000928 691
20000929 692
20001002 693
20001003 694
20001004 695
20001005 696
20001006 697
20001009 698
20001010 699
20001011 700
20001012 701
20001013 702
20001016 703
20001017 704
20001018 705
20001019 706
20001020 707
20001023 708
20001024 709
20001025 710
20001026 711
20001027 712
20001030 713
20001031 714
20001101 715
20001102 716
20001103 717
20001106 718
20001107 719
20001108 720
20001109 721
20001110 722
20001113 723
20001114 724
20001115 725
20001116 726
20001117 727
20001120 728
20001121 729
20001122 730
20001124 731
20001127 732
20001128 733
20001129 734
20001130 735
20001201 736
20001204 737
20001205 738
20001206 739
20001207 740
20001208 741
20001211 742
20001212 743
20001213 744
20001214 745
20001215 746
20001218 747
20001219 748
20001220 749
20001221 750
20001222 751
20001226 752
20001227 753
20001228 754
20001229 755
20010102 756
20010103 757
20010104 758
20010105 759
20010108 760
20010109 761
20010110 762
20010111 763
20010112 764
20010116 765
20010117 766
20010118 767
20010119 768
20010122 769
20010123 770
20010124 771
20010125 772
20010126 773
20010129 774
20010130 775
20010131 776
20010201 777
20010202 778
20010205 779
20010206 780
20010207 781
20010208 782
20010209 783
20010212 784
20010213 785
20010214 786
20010215 787
20010216 788
20010220 789
20010221 790
20010222 791
20010223 792
20010226 793
20010227 794
20010228 795
20010301 796
20010302 797
20010305 798
20010306 799
20010307 800
20010308 801
20010309 802
20010312 803
20010313 804
20010314 805
20010315 806
20010316 807
20010319 808
20010320 809
20010321 810
20010322 811
20010323 812
20010326 813
20010327 814
20010328 815
20010329 816
20010330 817
20010402 818
20010403 819
20010404 820
20010405 821
20010406 822
20010409 823
20010410 824
20010411 825
20010412 826
20010416 827
20010417 828
20010418 829
20010419 830
20010420 831
20010423 832
20010424 833
20010425 834
20010426 835
20010427 836
20010430 837
20010501 838
20010502 839
20010503 840
20010504 841
20010507 842
20010508 843
20010509 844
20010510 845
20010511 846
20010514 847
20010515 848
20010516 849
20010517 850
20010518 851
20010521 852
20010522 853
20010523 854
20010524 855
20010525 856
20010529 857
20010530 858
20010531 859
20010601 860
20010604 861
20010605 862
20010606 863
20010607 864
20010608 865
20010611 866
20010612 867
20010613 868
20010614 869
20010615 870
20010618 871
20010619 872
20010620 873
20010621 874
20010622 875
20010625 876
20010626 877
20010627 878
20010628 879
20010629 880
20010702 881
20010703 882
20010705 883
20010706 884
20010709 885
20010710 886
20010711 887
20010712 888
20010713 889
20010716 890
20010717 891
20010718 892
20010719 893
20010720 894
20010723 895
20010724 896
20010725 897
20010726 898
20010727 899
20010730 900
20010731 901
20010801 902
20010802 903
20010803 904
20010806 905
20010807 906
20010808 907
20010809 908
20010810 909
20010813 910
20010814 911
20010815 912
20010816 913
20010817 914
20010820 915
20010821 916
20010822 917
20010823 918
20010824 919
20010827 920
20010828 921
20010829 922
20010830 923
20010831 924
20010904 925
20010905 926
20010906 927
20010907 928
20010910 929
20010917 930
20010918 931
20010919 932
20010920 933
20010921 934
20010924 935
20010925 936
20010926 937
20010927 938
20010928 939
20011001 940
20011002 941
20011003 942
20011004 943
20011005 944
20011008 945
20011009 946
20011010 947
20011011 948
20011012 949
20011015 950
20011016 951
20011017 952
20011018 953
20011019 954
20011022 955
20011023 956
20011024 957
20011025 958
20011026 959
20011029 960
20011030 961
20011031 962
20011101 963
20011102 964
20011105 965
20011106 966
20011107 967
20011108 968
20011109 969
20011112 970
20011113 971
20011114 972
20011115 973
20011116 974
20011119 975
20011120 976
20011121 977
20011123 978
20011126 979
20011127 980
20011128 981
20011129 982
20011130 983
20011203 984
20011204 985
20011205 986
20011206 987
20011207 988
20011210 989
20011211 990
20011212 991
20011213 992
20011214 993
20011217 994
20011218 995
20011219 996
20011220 997
20011221 998
20011224 999
20011226 1000
20011227 1001
20011228 1002
20011231 1003
20020102 1004
20020103 1005
20020104 1006
20020107 1007
20020108 1008
20020109 1009
20020110 1010
20020111 1011
20020114 1012
20020115 1013
20020116 1014
20020117 1015
20020118 1016
20020122 1017
20020123 1018
20020124 1019
20020125 1020
20020128 1021
20020129 1022
20020130 1023
20020131 1024
20020201 1025
20020204 1026
20020205 1027
20020206 1028
20020207 1029
20020208 1030
20020211 1031
20020212 1032
20020213 1033
20020214 1034
20020215 1035
20020219 1036
20020220 1037
20020221 1038
20020222 1039
20020225 1040
20020226 1041
20020227 1042
20020228 1043
20020301 1044
20020304 1045
20020305 1046
20020306 1047
20020307 1048
20020308 1049
20020311 1050
20020312 1051
20020313 1052
20020314 1053
20020315 1054
20020318 1055
20020319 1056
20020320 1057
20020321 1058
20020322 1059
20020325 1060
20020326 1061
20020327 1062
20020328 1063
20020401 1064
20020402 1065
20020403 1066
20020404 1067
20020405 1068
20020408 1069
20020409 1070
20020410 1071
20020411 1072
20020412 1073
20020415 1074
20020416 1075
20020417 1076
20020418 1077
20020419 1078
20020422 1079
20020423 1080
20020424 1081
20020425 1082
20020426 1083
20020429 1084
20020430 1085
20020501 1086
20020502 1087
20020503 1088
20020506 1089
20020507 1090
20020508 1091
20020509 1092
20020510 1093
20020513 1094
20020514 1095
20020515 1096
20020516 1097
20020517 1098
20020520 1099
20020521 1100
20020522 1101
20020523 1102
20020524 1103
20020528 1104
20020529 1105
20020530 1106
20020531 1107
20020603 1108
20020604 1109
20020605 1110
20020606 1111
20020607 1112
20020610 1113
20020611 1114
20020612 1115
20020613 1116
20020614 1117
20020617 1118
20020618 1119
20020619 1120
20020620 1121
20020621 1122
20020624 1123
20020625 1124
20020626 1125
20020627 1126
20020628 1127
20020701 1128
20020702 1129
20020703 1130
20020705 1131
20020708 1132
20020709 1133
20020710 1134
20020711 1135
20020712 1136
20020715 1137
20020716 1138
20020717 1139
20020718 1140
20020719 1141
20020722 1142
20020723 1143
20020724 1144
20020725 1145
20020726 1146
20020729 1147
20020730 1148
20020731 1149
20020801 1150
20020802 1151
20020805 1152
20020806 1153
20020807 1154
20020808 1155
20020809 1156
20020812 1157
20020813 1158
20020814 1159
20020815 1160
20020816 1161
20020819 1162
20020820 1163
20020821 1164
20020822 1165
20020823 1166
20020826 1167
20020827 1168
20020828 1169
20020829 1170
20020830 1171
20020903 1172
20020904 1173
20020905 1174
20020906 1175
20020909 1176
20020910 1177
20020911 1178
20020912 1179
20020913 1180
20020916 1181
20020917 1182
20020918 1183
20020919 1184
20020920 1185
20020923 1186
20020924 1187
20020925 1188
20020926 1189
20020927 1190
20020930 1191
20021001 1192
20021002 1193
20021003 1194
20021004 1195
20021007 1196
20021008 1197
20021009 1198
20021010 1199
20021011 1200
20021014 1201
20021015 1202
20021016 1203
20021017 1204
20021018 1205
20021021 1206
20021022 1207
20021023 1208
20021024 1209
20021025 1210
20021028 1211
20021029 1212
20021030 1213
20021031 1214
20021101 1215
20021104 1216
20021105 1217
20021106 1218
20021107 1219
20021108 1220
20021111 1221
20021112 1222
20021113 1223
20021114 1224
20021115 1225
20021118 1226
20021119 1227
20021120 1228
20021121 1229
20021122 1230
20021125 1231
20021126 1232
20021127 1233
20021129 1234
20021202 1235
20021203 1236
20021204 1237
20021205 1238
20021206 1239
20021209 1240
20021210 1241
20021211 1242
20021212 1243
20021213 1244
20021216 1245
20021217 1246
20021218 1247
20021219 1248
20021220 1249
20021223 1250
20021224 1251
20021226 1252
20021227 1253
20021230 1254
20021231 1255
20030102 1256
20030103 1257
20030106 1258
20030107 1259
20030108 1260
20030109 1261
20030110 1262
20030113 1263
20030114 1264
20030115 1265
20030116 1266
20030117 1267
20030121 1268
20030122 1269
20030123 1270
20030124 1271
20030127 1272
20030128 1273
20030129 1274
20030130 1275
20030131 1276
20030203 1277
20030204 1278
20030205 1279
20030206 1280
20030207 1281
20030210 1282
20030211 1283
20030212 1284
20030213 1285
20030214 1286
20030218 1287
20030219 1288
20030220 1289
20030221 1290
20030224 1291
20030225 1292
20030226 1293
20030227 1294
20030228 1295
20030303 1296
20030304 1297
20030305 1298
20030306 1299
20030307 1300
20030310 1301
20030311 1302
20030312 1303
20030313 1304
20030314 1305
20030317 1306
20030318 1307
20030319 1308
20030320 1309
20030321 1310
20030324 1311
20030325 1312
20030326 1313
20030327 1314
20030328 1315
20030331 1316
20030401 1317
20030402 1318
20030403 1319
20030404 1320
20030407 1321
20030408 1322
20030409 1323
20030410 1324
20030411 1325
20030414 1326
20030415 1327
20030416 1328
20030417 1329
20030421 1330
20030422 1331
20030423 1332
20030424 1333
20030425 1334
20030428 1335
20030429 1336
20030430 1337
20030501 1338
20030502 1339
20030505 1340
20030506 1341
20030507 1342
20030508 1343
20030509 1344
20030512 1345
20030513 1346
20030514 1347
20030515 1348
20030516 1349
20030519 1350
20030520 1351
20030521 1352
20030522 1353
20030523 1354
20030527 1355
20030528 1356
20030529 1357
20030530 1358
20030602 1359
20030603 1360
20030604 1361
20030605 1362
20030606 1363
20030609 1364
20030610 1365
20030611 1366
20030612 1367
20030613 1368
20030616 1369
20030617 1370
20030618 1371
20030619 1372
20030620 1373
20030623 1374
20030624 1375
20030625 1376
20030626 1377
20030627 1378
20030630 1379
20030701 1380
20030702 1381
20030703 1382
20030707 1383
20030708 1384
20030709 1385
20030710 1386
20030711 1387
20030714 1388
20030715 1389
20030716 1390
20030717 1391
20030718 1392
20030721 1393
20030722 1394
20030723 1395
20030724 1396
20030725 1397
20030728 1398
20030729 1399
20030730 1400
20030731 1401
20030801 1402
20030804 1403
20030805 1404
20030806 1405
20030807 1406
20030808 1407
20030811 1408
20030812 1409
20030813 1410
20030814 1411
20030815 1412
20030818 1413
20030819 1414
20030820 1415
20030821 1416
20030822 1417
20030825 1418
20030826 1419
20030827 1420
20030828 1421
20030829 1422
20030902 1423
20030903 1424
20030904 1425
20030905 1426
20030908 1427
20030909 1428
20030910 1429
20030911 1430
20030912 1431
20030915 1432
20030916 1433
20030917 1434
20030918 1435
20030919 1436
20030922 1437
20030923 1438
20030924 1439
20030925 1440
20030926 1441
20030929 1442
20030930 1443
20031001 1444
20031002 1445
20031003 1446
20031006 1447
20031007 1448
20031008 1449
20031009 1450
20031010 1451
20031013 1452
20031014 1453
20031015 1454
20031016 1455
20031017 1456
20031020 1457
20031021 1458
20031022 1459
20031023 1460
20031024 1461
20031027 1462
20031028 1463
20031029 1464
20031030 1465
20031031 1466
20031103 1467
20031104 1468
20031105 1469
20031106 1470
20031107 1471
20031110 1472
20031111 1473
20031112 1474
20031113 1475
20031114 1476
20031117 1477
20031118 1478
20031119 1479
20031120 1480
20031121 1481
20031124 1482
20031125 1483
20031126 1484
20031128 1485
20031201 1486
20031202 1487
20031203 1488
20031204 1489
20031205 1490
20031208 1491
20031209 1492
20031210 1493
20031211 1494
20031212 1495
20031215 1496
20031216 1497
20031217 1498
20031218 1499
20031219 1500
20031222 1501
20031223 1502
20031224 1503
20031226 1504
20031229 1505
20031230 1506
20031231 1507
20040102 1508
20040105 1509
20040106 1510
20040107 1511
20040108 1512
20040109 1513
20040112 1514
20040113 1515
20040114 1516
20040115 1517
20040116 1518
20040120 1519
20040121 1520
20040122 1521
20040123 1522
20040126 1523
20040127 1524
20040128 1525
20040129 1526
20040130 1527
20040202 1528
20040203 1529
20040204 1530
20040205 1531
20040206 1532
20040209 1533
20040210 1534
20040211 1535
20040212 1536
20040213 1537
20040217 1538
20040218 1539
20040219 1540
20040220 1541
20040223 1542
20040224 1543
20040225 1544
20040226 1545
20040227 1546
20040301 1547
20040302 1548
20040303 1549
20040304 1550
20040305 1551
20040308 1552
20040309 1553
20040310 1554
20040311 1555
20040312 1556
20040315 1557
20040316 1558
20040317 1559
20040318 1560
20040319 1561
20040322 1562
20040323 1563
20040324 1564
20040325 1565
20040326 1566
20040329 1567
20040330 1568
20040331 1569
20040401 1570
20040402 1571
20040405 1572
20040406 1573
20040407 1574
20040408 1575
20040412 1576
20040413 1577
20040414 1578
20040415 1579
20040416 1580
20040419 1581
20040420 1582
20040421 1583
20040422 1584
20040423 1585
20040426 1586
20040427 1587
20040428 1588
20040429 1589
20040430 1590
20040503 1591
20040504 1592
20040505 1593
20040506 1594
20040507 1595
20040510 1596
20040511 1597
20040512 1598
20040513 1599
20040514 1600
20040517 1601
20040518 1602
20040519 1603
20040520 1604
20040521 1605
20040524 1606
20040525 1607
20040526 1608
20040527 1609
20040528 1610
20040601 1611
20040602 1612
20040603 1613
20040604 1614
20040607 1615
20040608 1616
20040609 1617
20040610 1618
20040614 1619
20040615 1620
20040616 1621
20040617 1622
20040618 1623
20040621 1624
20040622 1625
20040623 1626
20040624 1627
20040625 1628
20040628 1629
20040629 1630
20040630 1631
20040701 1632
20040702 1633
20040706 1634
20040707 1635
20040708 1636
20040709 1637
20040712 1638
20040713 1639
20040714 1640
20040715 1641
20040716 1642
20040719 1643
20040720 1644
20040721 1645
20040722 1646
20040723 1647
20040726 1648
20040727 1649
20040728 1650
20040729 1651
20040730 1652
20040802 1653
20040803 1654
20040804 1655
20040805 1656
20040806 1657
20040809 1658
20040810 1659
20040811 1660
20040812 1661
20040813 1662
20040816 1663
20040817 1664
20040818 1665
20040819 1666
20040820 1667
20040823 1668
20040824 1669
20040825 1670
20040826 1671
20040827 1672
20040830 1673
20040831 1674
20040901 1675
20040902 1676
20040903 1677
20040907 1678
20040908 1679
20040909 1680
20040910 1681
20040913 1682
20040914 1683
20040915 1684
20040916 1685
20040917 1686
20040920 1687
20040921 1688
20040922 1689
20040923 1690
20040924 1691
20040927 1692
20040928 1693
20040929 1694
20040930 1695
20041001 1696
20041004 1697
20041005 1698
20041006 1699
20041007 1700
20041008 1701
20041011 1702
20041012 1703
20041013 1704
20041014 1705
20041015 1706
20041018 1707
20041019 1708
20041020 1709
20041021 1710
20041022 1711
20041025 1712
20041026 1713
20041027 1714
20041028 1715
20041029 1716
20041101 1717
20041102 1718
20041103 1719
20041104 1720
20041105 1721
20041108 1722
20041109 1723
20041110 1724
20041111 1725
20041112 1726
20041115 1727
20041116 1728
20041117 1729
20041118 1730
20041119 1731
20041122 1732
20041123 1733
20041124 1734
20041126 1735
20041129 1736
20041130 1737
20041201 1738
20041202 1739
20041203 1740
20041206 1741
20041207 1742
20041208 1743
20041209 1744
20041210 1745
20041213 1746
20041214 1747
20041215 1748
20041216 1749
20041217 1750
20041220 1751
20041221 1752
20041222 1753
20041223 1754
20041227 1755
20041228 1756
20041229 1757
20041230 1758
20041231 1759
20050103 1760
20050104 1761
20050105 1762
20050106 1763
20050107 1764
20050110 1765
20050111 1766
20050112 1767
20050113 1768
20050114 1769
20050118 1770
20050119 1771
20050120 1772
20050121 1773
20050124 1774
20050125 1775
20050126 1776
20050127 1777
20050128 1778
20050131 1779
20050201 1780
20050202 1781
20050203 1782
20050204 1783
20050207 1784
20050208 1785
20050209 1786
20050210 1787
20050211 1788
20050214 1789
20050215 1790
20050216 1791
20050217 1792
20050218 1793
20050222 1794
20050223 1795
20050224 1796
20050225 1797
20050228 1798
20050301 1799
20050302 1800
20050303 1801
20050304 1802
20050307 1803
20050308 1804
20050309 1805
20050310 1806
20050311 1807
20050314 1808
20050315 1809
20050316 1810
20050317 1811
20050318 1812
20050321 1813
20050322 1814
20050323 1815
20050324 1816
20050328 1817
20050329 1818
20050330 1819
20050331 1820
20050401 1821
20050404 1822
20050405 1823
20050406 1824
20050407 1825
20050408 1826
20050411 1827
20050412 1828
20050413 1829
20050414 1830
20050415 1831
20050418 1832
20050419 1833
20050420 1834
20050421 1835
20050422 1836
20050425 1837
20050426 1838
20050427 1839
20050428 1840
20050429 1841
20050502 1842
20050503 1843
20050504 1844
20050505 1845
20050506 1846
20050509 1847
20050510 1848
20050511 1849
20050512 1850
20050513 1851
20050516 1852
20050517 1853
20050518 1854
20050519 1855
20050520 1856
20050523 1857
20050524 1858
20050525 1859
20050526 1860
20050527 1861
20050531 1862
20050601 1863
20050602 1864
20050603 1865
20050606 1866
20050607 1867
20050608 1868
20050609 1869
20050610 1870
20050613 1871
20050614 1872
20050615 1873
20050616 1874
20050617 1875
20050620 1876
20050621 1877
20050622 1878
20050623 1879
20050624 1880
20050627 1881
20050628 1882
20050629 1883
20050630 1884
20050701 1885
20050705 1886
20050706 1887
20050707 1888
20050708 1889
20050711 1890
20050712 1891
20050713 1892
20050714 1893
20050715 1894
20050718 1895
20050719 1896
20050720 1897
20050721 1898
20050722 1899
20050725 1900
20050726 1901
20050727 1902
20050728 1903
20050729 1904
20050801 1905
20050802 1906
20050803 1907
20050804 1908
20050805 1909
20050808 1910
20050809 1911
20050810 1912
20050811 1913
20050812 1914
20050815 1915
20050816 1916
20050817 1917
20050818 1918
20050819 1919
20050822 1920
20050823 1921
20050824 1922
20050825 1923
20050826 1924
20050829 1925
20050830 1926
20050831 1927
20050901 1928
20050902 1929
20050906 1930
20050907 1931
20050908 1932
20050909 1933
20050912 1934
20050913 1935
20050914 1936
20050915 1937
20050916 1938
20050919 1939
20050920 1940
20050921 1941
20050922 1942
20050923 1943
20050926 1944
20050927 1945
20050928 1946
20050929 1947
20050930 1948
20051003 1949
20051004 1950
20051005 1951
20051006 1952
20051007 1953
20051010 1954
20051011 1955
20051012 1956
20051013 1957
20051014 1958
20051017 1959
20051018 1960
20051019 1961
20051020 1962
20051021 1963
20051024 1964
20051025 1965
20051026 1966
20051027 1967
20051028 1968
20051031 1969
20051101 1970
20051102 1971
20051103 1972
20051104 1973
20051107 1974
20051108 1975
20051109 1976
20051110 1977
20051111 1978
20051114 1979
20051115 1980
20051116 1981
20051117 1982
20051118 1983
20051121 1984
20051122 1985
20051123 1986
20051125 1987
20051128 1988
20051129 1989
20051130 1990
20051201 1991
20051202 1992
20051205 1993
20051206 1994
20051207 1995
20051208 1996
20051209 1997
20051212 1998
20051213 1999
20051214 2000
20051215 2001
20051216 2002
20051219 2003
20051220 2004
20051221 2005
20051222 2006
20051223 2007
20051227 2008
20051228 2009
20051229 2010
20051230 2011
20060103 2012
20060104 2013
20060105 2014
20060106 2015
20060109 2016
20060110 2017
20060111 2018
20060112 2019
20060113 2020
20060117 2021
20060118 2022
20060119 2023
20060120 2024
20060123 2025
20060124 2026
20060125 2027
20060126 2028
20060127 2029
20060130 2030
20060131 2031
20060201 2032
20060202 2033
20060203 2034
20060206 2035
20060207 2036
20060208 2037
20060209 2038
20060210 2039
20060213 2040
20060214 2041
20060215 2042
20060216 2043
20060217 2044
20060221 2045
20060222 2046
20060223 2047
20060224 2048
20060227 2049
20060228 2050
20060301 2051
20060302 2052
20060303 2053
20060306 2054
20060307 2055
20060308 2056
20060309 2057
20060310 2058
20060313 2059
20060314 2060
20060315 2061
20060316 2062
20060317 2063
20060320 2064
20060321 2065
20060322 2066
20060323 2067
20060324 2068
20060327 2069
20060328 2070
20060329 2071
20060330 2072
20060331 2073
20060403 2074
20060404 2075
20060405 2076
20060406 2077
20060407 2078
20060410 2079
20060411 2080
20060412 2081
20060413 2082
20060417 2083
20060418 2084
20060419 2085
20060420 2086
20060421 2087
20060424 2088
20060425 2089
20060426 2090
20060427 2091
20060428 2092
20060501 2093
20060502 2094
20060503 2095
20060504 2096
20060505 2097
20060508 2098
20060509 2099
20060510 2100
20060511 2101
20060512 2102
20060515 2103
20060516 2104
20060517 2105
20060518 2106
20060519 2107
20060522 2108
20060523 2109
20060524 2110
20060525 2111
20060526 2112
20060530 2113
20060531 2114
20060601 2115
20060602 2116
20060605 2117
20060606 2118
20060607 2119
20060608 2120
20060609 2121
20060612 2122
20060613 2123
20060614 2124
20060615 2125
20060616 2126
20060619 2127
20060620 2128
20060621 2129
20060622 2130
20060623 2131
20060626 2132
20060627 2133
20060628 2134
20060629 2135
20060630 2136
20060703 2137
20060705 2138
20060706 2139
20060707 2140
20060710 2141
20060711 2142
20060712 2143
20060713 2144
20060714 2145
20060717 2146
20060718 2147
20060719 2148
20060720 2149
20060721 2150
20060724 2151
20060725 2152
20060726 2153
20060727 2154
20060728 2155
20060731 2156
20060801 2157
20060802 2158
20060803 2159
20060804 2160
20060807 2161
20060808 2162
20060809 2163
20060810 2164
20060811 2165
20060814 2166
20060815 2167
20060816 2168
20060817 2169
20060818 2170
20060821 2171
20060822 2172
20060823 2173
20060824 2174
20060825 2175
20060828 2176
20060829 2177
20060830 2178
20060831 2179
20060901 2180
20060905 2181
20060906 2182
20060907 2183
20060908 2184
20060911 2185
20060912 2186
20060913 2187
20060914 2188
20060915 2189
20060918 2190
20060919 2191
20060920 2192
20060921 2193
20060922 2194
20060925 2195
20060926 2196
20060927 2197
20060928 2198
20060929 2199
20061002 2200
20061003 2201
20061004 2202
20061005 2203
20061006 2204
20061009 2205
20061010 2206
20061011 2207
20061012 2208
20061013 2209
20061016 2210
20061017 2211
20061018 2212
20061019 2213
20061020 2214
20061023 2215
20061024 2216
20061025 2217
20061026 2218
20061027 2219
20061030 2220
20061031 2221
20061101 2222
20061102 2223
20061103 2224
20061106 2225
20061107 2226
20061108 2227
20061109 2228
20061110 2229
20061113 2230
20061114 2231
20061115 2232
20061116 2233
20061117 2234
20061120 2235
20061121 2236
20061122 2237
20061124 2238
20061127 2239
20061128 2240
20061129 2241
20061130 2242
20061201 2243
20061204 2244
20061205 2245
20061206 2246
20061207 2247
20061208 2248
20061211 2249
20061212 2250
20061213 2251
20061214 2252
20061215 2253
20061218 2254
20061219 2255
20061220 2256
20061221 2257
20061222 2258
20061226 2259
20061227 2260
20061228 2261
20061229 2262
20070103 2263
20070104 2264
20070105 2265
20070108 2266
20070109 2267
20070110 2268
20070111 2269
20070112 2270
20070116 2271
20070117 2272
20070118 2273
20070119 2274
20070122 2275
20070123 2276
20070124 2277
20070125 2278
20070126 2279
20070129 2280
20070130 2281
20070131 2282
20070201 2283
20070202 2284
20070205 2285
20070206 2286
20070207 2287
20070208 2288
20070209 2289
20070212 2290
20070213 2291
20070214 2292
20070215 2293
20070216 2294
20070220 2295
20070221 2296
20070222 2297
20070223 2298
20070226 2299
20070227 2300
20070228 2301
20070301 2302
20070302 2303
20070305 2304
20070306 2305
20070307 2306
20070308 2307
20070309 2308
20070312 2309
20070313 2310
20070314 2311
20070315 2312
20070316 2313
20070319 2314
20070320 2315
20070321 2316
20070322 2317
20070323 2318
20070326 2319
20070327 2320
20070328 2321
20070329 2322
20070330 2323
20070402 2324
20070403 2325
20070404 2326
20070405 2327
20070409 2328
20070410 2329
20070411 2330
20070412 2331
20070413 2332
20070416 2333
20070417 2334
20070418 2335
20070419 2336
20070420 2337
20070423 2338
20070424 2339
20070425 2340
20070426 2341
20070427 2342
20070430 2343
20070501 2344
20070502 2345
20070503 2346
20070504 2347
20070507 2348
20070508 2349
20070509 2350
20070510 2351
20070511 2352
20070514 2353
20070515 2354
20070516 2355
20070517 2356
20070518 2357
20070521 2358
20070522 2359
20070523 2360
20070524 2361
20070525 2362
20070529 2363
20070530 2364
20070531 2365
20070601 2366
20070604 2367
20070605 2368
20070606 2369
20070607 2370
20070608 2371
20070611 2372
20070612 2373
20070613 2374
20070614 2375
20070615 2376
20070618 2377
20070619 2378
20070620 2379
20070621 2380
20070622 2381
20070625 2382
20070626 2383
20070627 2384
20070628 2385
20070629 2386
20070702 2387
20070703 2388
20070705 2389
20070706 2390
20070709 2391
20070710 2392
20070711 2393
20070712 2394
20070713 2395
20070716 2396
20070717 2397
20070718 2398
20070719 2399
20070720 2400
20070723 2401
20070724 2402
20070725 2403
20070726 2404
20070727 2405
20070730 2406
20070731 2407
20070801 2408
20070802 2409
20070803 2410
20070806 2411
20070807 2412
20070808 2413
20070809 2414
20070810 2415
20070813 2416
20070814 2417
20070815 2418
20070816 2419
20070817 2420
20070820 2421
20070821 2422
20070822 2423
20070823 2424
20070824 2425
20070827 2426
20070828 2427
20070829 2428
20070830 2429
20070831 2430
20070904 2431
20070905 2432
20070906 2433
20070907 2434
20070910 2435
20070911 2436
20070912 2437
20070913 2438
20070914 2439
20070917 2440
20070918 2441
20070919 2442
20070920 2443
20070921 2444
20070924 2445
20070925 2446
20070926 2447
20070927 2448
20070928 2449
20071001 2450
20071002 2451
20071003 2452
20071004 2453
20071005 2454
20071008 2455
20071009 2456
20071010 2457
20071011 2458
20071012 2459
20071015 2460
20071016 2461
20071017 2462
20071018 2463
20071019 2464
20071022 2465
20071023 2466
20071024 2467
20071025 2468
20071026 2469
20071029 2470
20071030 2471
20071031 2472
20071101 2473
20071102 2474
20071105 2475
20071106 2476
20071107 2477
20071108 2478
20071109 2479
20071112 2480
20071113 2481
20071114 2482
20071115 2483
20071116 2484
20071119 2485
20071120 2486
20071121 2487
20071123 2488
20071126 2489
20071127 2490
20071128 2491
20071129 2492
20071130 2493
20071203 2494
20071204 2495
20071205 2496
20071206 2497
20071207 2498
20071210 2499
20071211 2500
20071212 2501
20071213 2502
20071214 2503
20071217 2504
20071218 2505
20071219 2506
20071220 2507
20071221 2508
20071224 2509
20071226 2510
20071227 2511
20071228 2512
20071231 2513
20080102 2514
20080103 2515
20080104 2516
20080107 2517
20080108 2518
20080109 2519
20080110 2520
20080111 2521
20080114 2522
20080115 2523
20080116 2524
20080117 2525
20080118 2526
20080122 2527
20080123 2528
20080124 2529
20080125 2530
20080128 2531
20080129 2532
20080130 2533
20080131 2534
20080201 2535
20080204 2536
20080205 2537
20080206 2538
20080207 2539
20080208 2540
20080211 2541
20080212 2542
20080213 2543
20080214 2544
20080215 2545
20080219 2546
20080220 2547
20080221 2548
20080222 2549
20080225 2550
20080226 2551
20080227 2552
20080228 2553
20080229 2554
20080303 2555
20080304 2556
20080305 2557
20080306 2558
20080307 2559
20080310 2560
20080311 2561
20080312 2562
20080313 2563
20080314 2564
20080317 2565
20080318 2566
20080319 2567
20080320 2568
20080324 2569
20080325 2570
20080326 2571
20080327 2572
20080328 2573
20080331 2574
20080401 2575
20080402 2576
20080403 2577
20080404 2578
20080407 2579
20080408 2580
20080409 2581
20080410 2582
20080411 2583
20080414 2584
20080415 2585
20080416 2586
20080417 2587
20080418 2588
20080421 2589
20080422 2590
20080423 2591
20080424 2592
20080425 2593
20080428 2594
20080429 2595
20080430 2596
20080501 2597
20080502 2598
20080505 2599
20080506 2600
20080507 2601
20080508 2602
20080509 2603
20080512 2604
20080513 2605
20080514 2606
20080515 2607
20080516 2608
20080519 2609
20080520 2610
20080521 2611
20080522 2612
20080523 2613
20080527 2614
20080528 2615
20080529 2616
20080530 2617
20080602 2618
20080603 2619
20080604 2620
20080605 2621
20080606 2622
20080609 2623
20080610 2624
20080611 2625
20080612 2626
20080613 2627
20080616 2628
20080617 2629
20080618 2630
20080619 2631
20080620 2632
20080623 2633
20080624 2634
20080625 2635
20080626 2636
20080627 2637
20080630 2638
20080701 2639
20080702 2640
20080703 2641
20080707 2642
20080708 2643
20080709 2644
20080710 2645
20080711 2646
20080714 2647
20080715 2648
20080716 2649
20080717 2650
20080718 2651
20080721 2652
20080722 2653
20080723 2654
20080724 2655
20080725 2656
20080728 2657
20080729 2658
20080730 2659
20080731 2660
20080801 2661
20080804 2662
20080805 2663
20080806 2664
20080807 2665
20080808 2666
20080811 2667
20080812 2668
20080813 2669
20080814 2670
20080815 2671
20080818 2672
20080819 2673
20080820 2674
20080821 2675
20080822 2676
20080825 2677
20080826 2678
20080827 2679
20080828 2680
20080829 2681
20080902 2682
20080903 2683
20080904 2684
20080905 2685
20080908 2686
20080909 2687
20080910 2688
20080911 2689
20080912 2690
20080915 2691
20080916 2692
20080917 2693
20080918 2694
20080919 2695
20080922 2696
20080923 2697
20080924 2698
20080925 2699
20080926 2700
20080929 2701
20080930 2702
20081001 2703
20081002 2704
20081003 2705
20081006 2706
20081007 2707
20081008 2708
20081009 2709
20081010 2710
20081013 2711
20081014 2712
20081015 2713
20081016 2714
20081017 2715
20081020 2716
20081021 2717
20081022 2718
20081023 2719
20081024 2720
20081027 2721
20081028 2722
20081029 2723
20081030 2724
20081031 2725
20081103 2726
20081104 2727
20081105 2728
20081106 2729
20081107 2730
20081110 2731
20081111 2732
20081112 2733
20081113 2734
20081114 2735
20081117 2736
20081118 2737
20081119 2738
20081120 2739
20081121 2740
20081124 2741
20081125 2742
20081126 2743
20081128 2744
20081201 2745
20081202 2746
20081203 2747
20081204 2748
20081205 2749
20081208 2750
20081209 2751
20081210 2752
20081211 2753
20081212 2754
20081215 2755
20081216 2756
20081217 2757
20081218 2758
20081219 2759
20081222 2760
20081223 2761
20081224 2762
20081226 2763
20081229 2764
20081230 2765
20081231 2766
20090102 2767
20090105 2768
20090106 2769
20090107 2770
20090108 2771
20090109 2772
20090112 2773
20090113 2774
20090114 2775
20090115 2776
20090116 2777
20090120 2778
20090121 2779
20090122 2780
20090123 2781
20090126 2782
20090127 2783
20090128 2784
20090129 2785
20090130 2786
20090202 2787
20090203 2788
20090204 2789
20090205 2790
20090206 2791
20090209 2792
20090210 2793
20090211 2794
20090212 2795
20090213 2796
20090217 2797
20090218 2798
20090219 2799
20090220 2800
20090223 2801
20090224 2802
20090225 2803
20090226 2804
20090227 2805
20090302 2806
20090303 2807
20090304 2808
20090305 2809
20090306 2810
20090309 2811
20090310 2812
20090311 2813
20090312 2814
20090313 2815
20090316 2816
20090317 2817
20090318 2818
20090319 2819
20090320 2820
20090323 2821
20090324 2822
20090325 2823
20090326 2824
20090327 2825
20090330 2826
20090331 2827
20090401 2828
20090402 2829
20090403 2830
20090406 2831
20090407 2832
20090408 2833
20090409 2834
20090413 2835
20090414 2836
20090415 2837
20090416 2838
20090417 2839
20090420 2840
20090421 2841
20090422 2842
20090423 2843
20090424 2844
20090427 2845
20090428 2846
20090429 2847
20090430 2848
20090501 2849
20090504 2850
20090505 2851
20090506 2852
20090507 2853
20090508 2854
20090511 2855
20090512 2856
20090513 2857
20090514 2858
20090515 2859
20090518 2860
20090519 2861
20090520 2862
20090521 2863
20090522 2864
20090526 2865
20090527 2866
20090528 2867
20090529 2868
20090601 2869
20090602 2870
20090603 2871
20090604 2872
20090605 2873
20090608 2874
20090609 2875
20090610 2876
20090611 2877
20090612 2878
20090615 2879
20090616 2880
20090617 2881
20090618 2882
20090619 2883
20090622 2884
20090623 2885
20090624 2886
20090625 2887
20090626 2888
20090629 2889
20090630 2890
20090701 2891
20090702 2892
20090706 2893
20090707 2894
20090708 2895
20090709 2896
20090710 2897
20090713 2898
20090714 2899
20090715 2900
20090716 2901
20090717 2902
20090720 2903
20090721 2904
20090722 2905
20090723 2906
20090724 2907
20090727 2908
20090728 2909
20090729 2910
20090730 2911
20090731 2912
20090803 2913
20090804 2914
20090805 2915
20090806 2916
20090807 2917
20090810 2918
20090811 2919
20090812 2920
20090813 2921
20090814 2922
20090817 2923
20090818 2924
20090819 2925
20090820 2926
20090821 2927
20090824 2928
20090825 2929
20090826 2930
20090827 2931
20090828 2932
20090831 2933
20090901 2934
20090902 2935
20090903 2936
20090904 2937
20090908 2938
20090909 2939
20090910 2940
20090911 2941
20090914 2942
20090915 2943
20090916 2944
20090917 2945
20090918 2946
20090921 2947
20090922 2948
20090923 2949
20090924 2950
20090925 2951
20090928 2952
20090929 2953
20090930 2954
20091001 2955
20091002 2956
20091005 2957
20091006 2958
20091007 2959
20091008 2960
20091009 2961
20091012 2962
20091013 2963
20091014 2964
20091015 2965
20091016 2966
20091019 2967
20091020 2968
20091021 2969
20091022 2970
20091023 2971
20091026 2972
20091027 2973
20091028 2974
20091029 2975
20091030 2976
20091102 2977
20091103 2978
20091104 2979
20091105 2980
20091106 2981
20091109 2982
20091110 2983
20091111 2984
20091112 2985
20091113 2986
20091116 2987
20091117 2988
20091118 2989
20091119 2990
20091120 2991
20091123 2992
20091124 2993
20091125 2994
20091127 2995
20091130 2996
20091201 2997
20091202 2998
20091203 2999
20091204 3000
20091207 3001
20091208 3002
20091209 3003
20091210 3004
20091211 3005
20091214 3006
20091215 3007
20091216 3008
20091217 3009
20091218 3010
20091221 3011
20091222 3012
20091223 3013
20091224 3014
20091228 3015
20091229 3016
20091230 3017
20091231 3018
20100104 3019
20100105 3020
20100106 3021
20100107 3022
20100108 3023
20100111 3024
20100112 3025
20100113 3026
20100114 3027
20100115 3028
20100119 3029
20100120 3030
20100121 3031
20100122 3032
20100125 3033
20100126 3034
20100127 3035
20100128 3036
20100129 3037
20100201 3038
20100202 3039
20100203 3040
20100204 3041
20100205 3042
20100208 3043
20100209 3044
20100210 3045
20100211 3046
20100212 3047
20100216 3048
20100217 3049
20100218 3050
20100219 3051
20100222 3052
20100223 3053
20100224 3054
20100225 3055
20100226 3056
20100301 3057
20100302 3058
20100303 3059
20100304 3060
20100305 3061
20100308 3062
20100309 3063
20100310 3064
20100311 3065
20100312 3066
20100315 3067
20100316 3068
20100317 3069
20100318 3070
20100319 3071
20100322 3072
20100323 3073
20100324 3074
20100325 3075
20100326 3076
20100329 3077
20100330 3078
20100331 3079
20100401 3080
20100405 3081
20100406 3082
20100407 3083
20100408 3084
20100409 3085
20100412 3086
20100413 3087
20100414 3088
20100415 3089
20100416 3090
20100419 3091
20100420 3092
20100421 3093
20100422 3094
20100423 3095
20100426 3096
20100427 3097
20100428 3098
20100429 3099
20100430 3100
20100503 3101
20100504 3102
20100505 3103
20100506 3104
20100507 3105
20100510 3106
20100511 3107
20100512 3108
20100513 3109
20100514 3110
20100517 3111
20100518 3112
20100519 3113
20100520 3114
20100521 3115
20100524 3116
20100525 3117
20100526 3118
20100527 3119
20100528 3120
20100601 3121
20100602 3122
20100603 3123
20100604 3124
20100607 3125
20100608 3126
20100609 3127
20100610 3128
20100611 3129
20100614 3130
20100615 3131
20100616 3132
20100617 3133
20100618 3134
20100621 3135
20100622 3136
20100623 3137
20100624 3138
20100625 3139
20100628 3140
20100629 3141
20100630 3142
20100701 3143
20100702 3144
20100706 3145
20100707 3146
20100708 3147
20100709 3148
20100712 3149
20100713 3150
20100714 3151
20100715 3152
20100716 3153
20100719 3154
20100720 3155
20100721 3156
20100722 3157
20100723 3158
20100726 3159
20100727 3160
20100728 3161
20100729 3162
20100730 3163
20100802 3164
20100803 3165
20100804 3166
20100805 3167
20100806 3168
20100809 3169
20100810 3170
20100811 3171
20100812 3172
20100813 3173
20100816 3174
20100817 3175
20100818 3176
20100819 3177
20100820 3178
20100823 3179
20100824 3180
20100825 3181
20100826 3182
20100827 3183
20100830 3184
20100831 3185
20100901 3186
20100902 3187
20100903 3188
20100907 3189
20100908 3190
20100909 3191
20100910 3192
20100913 3193
20100914 3194
20100915 3195
20100916 3196
20100917 3197
20100920 3198
20100921 3199
20100922 3200
20100923 3201
20100924 3202
20100927 3203
20100928 3204
20100929 3205
20100930 3206
20101001 3207
20101004 3208
20101005 3209
20101006 3210
20101007 3211
20101008 3212
20101011 3213
20101012 3214
20101013 3215
20101014 3216
20101015 3217
20101018 3218
20101019 3219
20101020 3220
20101021 3221
20101022 3222
20101025 3223
20101026 3224
20101027 3225
20101028 3226
20101029 3227
20101101 3228
20101102 3229
20101103 3230
20101104 3231
20101105 3232
20101108 3233
20101109 3234
20101110 3235
20101111 3236
20101112 3237
20101115 3238
20101116 3239
20101117 3240
20101118 3241
20101119 3242
20101122 3243
20101123 3244
20101124 3245
20101126 3246
20101129 3247
20101130 3248
20101201 3249
20101202 3250
20101203 3251
20101206 3252
20101207 3253
20101208 3254
20101209 3255
20101210 3256
20101213 3257
20101214 3258
20101215 3259
20101216 3260
20101217 3261
20101220 3262
20101221 3263
20101222 3264
20101223 3265
20101227 3266
20101228 3267
20101229 3268
20101230 3269
20101231 3270
20110103 3271
20110104 3272
20110105 3273
20110106 3274
20110107 3275
20110110 3276
20110111 3277
20110112 3278
20110113 3279
20110114 3280
20110118 3281
20110119 3282
20110120 3283
20110121 3284
20110124 3285
20110125 3286
20110126 3287
20110127 3288
20110128 3289
20110131 3290
20110201 3291
20110202 3292
20110203 3293
20110204 3294
20110207 3295
20110208 3296
20110209 3297
20110210 3298
20110211 3299
20110214 3300
20110215 3301
20110216 3302
20110217 3303
20110218 3304
20110222 3305
20110223 3306
20110224 3307
20110225 3308
20110228 3309
20110301 3310
20110302 3311
20110303 3312
20110304 3313
20110307 3314
20110308 3315
20110309 3316
20110310 3317
20110311 3318
20110314 3319
20110315 3320
20110316 3321
20110317 3322
20110318 3323
20110321 3324
20110322 3325
20110323 3326
20110324 3327
20110325 3328
20110328 3329
20110329 3330
20110330 3331
20110331 3332
20110401 3333
20110404 3334
20110405 3335
20110406 3336
20110407 3337
20110408 3338
20110411 3339
20110412 3340
20110413 3341
20110414 3342
20110415 3343
20110418 3344
20110419 3345
20110420 3346
20110421 3347
20110425 3348
20110426 3349
20110427 3350
20110428 3351
20110429 3352
20110502 3353
20110503 3354
20110504 3355
20110505 3356
20110506 3357
20110509 3358
20110510 3359
20110511 3360
20110512 3361
20110513 3362
20110516 3363
20110517 3364
20110518 3365
20110519 3366
20110520 3367
20110523 3368
20110524 3369
20110525 3370
20110526 3371
20110527 3372
20110531 3373
20110601 3374
20110602 3375
20110603 3376
20110606 3377
20110607 3378
20110608 3379
20110609 3380
20110610 3381
20110613 3382
20110614 3383
20110615 3384
20110616 3385
20110617 3386
20110620 3387
20110621 3388
20110622 3389
20110623 3390
20110624 3391
20110627 3392
20110628 3393
20110629 3394
20110630 3395
20110701 3396
20110705 3397
20110706 3398
20110707 3399
20110708 3400
20110711 3401
20110712 3402
20110713 3403
20110714 3404
20110715 3405
20110718 3406
20110719 3407
20110720 3408
20110721 3409
20110722 3410
20110725 3411
20110726 3412
20110727 3413
20110728 3414
20110729 3415
20110801 3416
20110802 3417
20110803 3418
20110804 3419
20110805 3420
20110808 3421
20110809 3422
20110810 3423
20110811 3424
20110812 3425
20110815 3426
20110816 3427
20110817 3428
20110818 3429
20110819 3430
20110822 3431
20110823 3432
20110824 3433
20110825 3434
20110826 3435
20110829 3436
20110830 3437
20110831 3438
20110901 3439
20110902 3440
20110906 3441
20110907 3442
20110908 3443
20110909 3444
20110912 3445
20110913 3446
20110914 3447
20110915 3448
20110916 3449
20110919 3450
20110920 3451
20110921 3452
20110922 3453
20110923 3454
20110926 3455
20110927 3456
20110928 3457
20110929 3458
20110930 3459
20111003 3460
20111004 3461
20111005 3462
20111006 3463
20111007 3464
20111010 3465
20111011 3466
20111012 3467
20111013 3468
20111014 3469
20111017 3470
20111018 3471
20111019 3472
20111020 3473
20111021 3474
20111024 3475
20111025 3476
20111026 3477
20111027 3478
20111028 3479
20111031 3480
20111101 3481
20111102 3482
20111103 3483
20111104 3484
20111107 3485
20111108 3486
20111109 3487
20111110 3488
20111111 3489
20111114 3490
20111115 3491
20111116 3492
20111117 3493
20111118 3494
20111121 3495
20111122 3496
20111123 3497
20111125 3498
20111128 3499
20111129 3500
20111130 3501
20111201 3502
20111202 3503
20111205 3504
20111206 3505
20111207 3506
20111208 3507
20111209 3508
20111212 3509
20111213 3510
20111214 3511
20111215 3512
20111216 3513
20111219 3514
20111220 3515
20111221 3516
20111222 3517
20111223 3518
20111227 3519
20111228 3520
20111229 3521
20111230 3522
20120103 3523
20120104 3524
20120105 3525
20120106 3526
20120109 3527
20120110 3528
20120111 3529
20120112 3530
20120113 3531
20120117 3532
20120118 3533
20120119 3534
20120120 3535
20120123 3536
20120124 3537
20120125 3538
20120126 3539
20120127 3540
20120130 3541
20120131 3542
20120201 3543
20120202 3544
20120203 3545
20120206 3546
20120207 3547
20120208 3548
20120209 3549
20120210 3550
20120213 3551
20120214 3552
20120215 3553
20120216 3554
20120217 3555
20120221 3556
20120222 3557
20120223 3558
20120224 3559
20120227 3560
20120228 3561
20120229 3562
20120301 3563
20120302 3564
20120305 3565
20120306 3566
20120307 3567
20120308 3568
20120309 3569
20120312 3570
20120313 3571
20120314 3572
20120315 3573
20120316 3574
20120319 3575
20120320 3576
20120321 3577
20120322 3578
20120323 3579
20120326 3580
20120327 3581
20120328 3582
20120329 3583
20120330 3584
20120402 3585
20120403 3586
20120404 3587
20120405 3588
20120409 3589
20120410 3590
20120411 3591
20120412 3592
20120413 3593
20120416 3594
20120417 3595
20120418 3596
20120419 3597
20120420 3598
20120423 3599
20120424 3600
20120425 3601
20120426 3602
20120427 3603
20120430 3604
20120501 3605
20120502 3606
20120503 3607
20120504 3608
20120507 3609
20120508 3610
20120509 3611
20120510 3612
20120511 3613
20120514 3614
20120515 3615
20120516 3616
20120517 3617
20120518 3618
20120521 3619
20120522 3620
20120523 3621
20120524 3622
20120525 3623
20120529 3624
20120530 3625
20120531 3626
20120601 3627
20120604 3628
20120605 3629
20120606 3630
20120607 3631
20120608 3632
20120611 3633
20120612 3634
20120613 3635
20120614 3636
20120615 3637
20120618 3638
20120619 3639
20120620 3640
20120621 3641
20120622 3642
20120625 3643
20120626 3644
20120627 3645
20120628 3646
20120629 3647
20120702 3648
20120703 3649
20120705 3650
20120706 3651
20120709 3652
20120710 3653
20120711 3654
20120712 3655
20120713 3656
20120716 3657
20120717 3658
20120718 3659
20120719 3660
20120720 3661
20120723 3662
20120724 3663
20120725 3664
20120726 3665
20120727 3666
20120730 3667
20120731 3668
20120801 3669
20120802 3670
20120803 3671
20120806 3672
20120807 3673
20120808 3674
20120809 3675
20120810 3676
20120813 3677
20120814 3678
20120815 3679
20120816 3680
20120817 3681
20120820 3682
20120821 3683
20120822 3684
20120823 3685
20120824 3686
20120827 3687
20120828 3688
20120829 3689
20120830 3690
20120831 3691
20120904 3692
20120905 3693
20120906 3694
20120907 3695
20120910 3696
20120911 3697
20120912 3698
20120913 3699
20120914 3700
20120917 3701
20120918 3702
20120919 3703
20120920 3704
20120921 3705
20120924 3706
20120925 3707
20120926 3708
20120927 3709
20120928 3710
20121001 3711
20121002 3712
20121003 3713
20121004 3714
20121005 3715
20121008 3716
20121009 3717
20121010 3718
20121011 3719
20121012 3720
20121015 3721
20121016 3722
20121017 3723
20121018 3724
20121019 3725
20121022 3726
20121023 3727
20121024 3728
20121025 3729
20121026 3730
20121031 3731
20121101 3732
20121102 3733
20121105 3734
20121106 3735
20121107 3736
20121108 3737
20121109 3738
20121112 3739
20121113 3740
20121114 3741
20121115 3742
20121116 3743
20121119 3744
20121120 3745
20121121 3746
20121123 3747
20121126 3748
20121127 3749
20121128 3750
20121129 3751
20121130 3752
20121203 3753
20121204 3754
20121205 3755
20121206 3756
20121207 3757
20121210 3758
20121211 3759
20121212 3760
20121213 3761
20121214 3762
20121217 3763
20121218 3764
20121219 3765
20121220 3766
20121221 3767
20121224 3768
20121226 3769
20121227 3770
20121228 3771
20121231 3772
20130102 3773
20130103 3774
20130104 3775
20130107 3776
20130108 3777
20130109 3778
20130110 3779
20130111 3780
20130114 3781
20130115 3782
20130116 3783
20130117 3784
20130118 3785
20130122 3786
20130123 3787
20130124 3788
20130125 3789
20130128 3790
20130129 3791
20130130 3792
20130131 3793
20130201 3794
20130204 3795
20130205 3796
20130206 3797
20130207 3798
20130208 3799
20130211 3800
20130212 3801
20130213 3802
20130214 3803
20130215 3804
20130219 3805
20130220 3806
20130221 3807
20130222 3808
20130225 3809
20130226 3810
20130227 3811
20130228 3812
20130301 3813
20130304 3814
20130305 3815
20130306 3816
20130307 3817
20130308 3818
20130311 3819
20130312 3820
20130313 3821
20130314 3822
20130315 3823
20130318 3824
20130319 3825
20130320 3826
20130321 3827
20130322 3828
20130325 3829
20130326 3830
20130327 3831
20130328 3832
20130401 3833
20130402 3834
20130403 3835
20130404 3836
20130405 3837
20130408 3838
20130409 3839
20130410 3840
20130411 3841
20130412 3842
20130415 3843
20130416 3844
20130417 3845
20130418 3846
20130419 3847
20130422 3848
20130423 3849
20130424 3850
20130425 3851
20130426 3852
20130429 3853
20130430 3854
20130501 3855
20130502 3856
20130503 3857
20130506 3858
20130507 3859
20130508 3860
20130509 3861
20130510 3862
20130513 3863
20130514 3864
20130515 3865
20130516 3866
20130517 3867
20130520 3868
20130521 3869
20130522 3870
20130523 3871
20130524 3872
20130528 3873
20130529 3874
20130530 3875
20130531 3876
20130603 3877
20130604 3878
20130605 3879
20130606 3880
20130607 3881
20130610 3882
20130611 3883
20130612 3884
20130613 3885
20130614 3886
20130617 3887
20130618 3888
20130619 3889
20130620 3890
20130621 3891
20130624 3892
20130625 3893
20130626 3894
20130627 3895
20130628 3896
20130701 3897
20130702 3898
20130703 3899
20130705 3900
20130708 3901
20130709 3902
20130710 3903
20130711 3904
20130712 3905
20130715 3906
20130716 3907
20130717 3908
20130718 3909
20130719 3910
20130722 3911
20130723 3912
20130724 3913
20130725 3914
20130726 3915
20130729 3916
20130730 3917
20130731 3918
20130801 3919
20130802 3920
20130805 3921
20130806 3922
20130807 3923
20130808 3924
20130809 3925
